image: orkla-MS3.pgm
resolution: 0.100000
origin: [-30.000001, -71.499997, 0.0]
negate: 0
occupied_thresh: 0.65
free_thresh: 0.196

